30 2
4 2.361347 -1.404260
8 2.576992 -1.522693
0 2.351499 -1.411247
15 -2.499802 -3.462082
14 -2.550156 -3.522039
6 2.662459 -1.619146
2 2.483645 -1.544710
28 1.139516 -1.195292
16 -1.963546 -2.702509
27 2.545975 -1.539374
25 1.163754 -1.161367
23 1.559704 -1.179682
13 -1.948706 -2.705979
26 1.432008 -1.152650
1 1.351759 -1.217782
24 2.669715 -1.672557
21 1.208503 -1.181713
12 -2.977566 -4.150043
17 -3.031557 -4.107722
5 1.511841 -1.332830
3 2.284357 -1.424732
7 2.350238 -1.407421
18 -2.599162 -3.223577
19 -1.551566 -2.915814
11 -2.523556 -3.140615
10 -1.682938 -3.091404
29 3.166548 -1.875437
22 3.049726 -1.839330
20 -0.243081 -2.192503
9 -0.235091 -2.158825
